image_width: 640
image_height: 480
camera_name: narrow_stereo
camera_matrix:
  rows: 3
  cols: 3
  data: [569.895964, 0.000000, 330.614544, 0.000000, 567.380968, 257.115182, 0.000000, 0.000000, 1.000000]
distortion_model: plumb_bob
distortion_coefficients:
  rows: 1
  cols: 5
  data: [0.121830, -0.241872, 0.015655, 0.006237, 0.000000]
rectification_matrix:
  rows: 3
  cols: 3
  data: [1.000000, 0.000000, 0.000000, 0.000000, 1.000000, 0.000000, 0.000000, 0.000000, 1.000000]
projection_matrix:
  rows: 3
  cols: 4
  data: [580.666626, 0.000000, 334.612856, 0.000000, 0.000000, 577.138000, 262.918785, 0.000000, 0.000000, 0.000000, 1.000000, 0.000000]
