# oST version 5.0 parameters


[image]

width
640

height
480

[narrow_stereo]

camera matrix
569.895964 0.000000 330.614544
0.000000 567.380968 257.115182
0.000000 0.000000 1.000000

distortion
0.121830 -0.241872 0.015655 0.006237 0.000000

rectification
1.000000 0.000000 0.000000
0.000000 1.000000 0.000000
0.000000 0.000000 1.000000

projection
580.666626 0.000000 334.612856 0.000000
0.000000 577.138000 262.918785 0.000000
0.000000 0.000000 1.000000 0.000000

