# oST version 5.0 parameters


[image]

width
640

height
480

[narrow_stereo]

camera matrix
547.719402 0.000000 314.778161
0.000000 546.835824 260.939775
0.000000 0.000000 1.000000

distortion
0.091671 -0.171248 0.017840 0.006994 0.000000

rectification
1.000000 0.000000 0.000000
0.000000 1.000000 0.000000
0.000000 0.000000 1.000000

projection
558.246521 0.000000 318.883497 0.000000
0.000000 554.834351 268.061275 0.000000
0.000000 0.000000 1.000000 0.000000

