image_width: 640
image_height: 480
camera_name: narrow_stereo
camera_matrix:
  rows: 3
  cols: 3
  data: [547.719402, 0.000000, 314.778161, 0.000000, 546.835824, 260.939775, 0.000000, 0.000000, 1.000000]
distortion_model: plumb_bob
distortion_coefficients:
  rows: 1
  cols: 5
  data: [0.091671, -0.171248, 0.017840, 0.006994, 0.000000]
rectification_matrix:
  rows: 3
  cols: 3
  data: [1.000000, 0.000000, 0.000000, 0.000000, 1.000000, 0.000000, 0.000000, 0.000000, 1.000000]
projection_matrix:
  rows: 3
  cols: 4
  data: [558.246521, 0.000000, 318.883497, 0.000000, 0.000000, 554.834351, 268.061275, 0.000000, 0.000000, 0.000000, 1.000000, 0.000000]
