# oST version 5.0 parameters


[image]

width
320

height
240

[narrow_stereo]

camera matrix
101.231283 0.000000 156.305780
0.000000 101.573984 119.748389
0.000000 0.000000 1.000000

distortion
-0.003424 0.004309 0.000128 -0.000374 0.000000

rectification
1.000000 0.000000 0.000000
0.000000 1.000000 0.000000
0.000000 0.000000 1.000000

projection
105.620995 0.000000 156.413267 0.000000
0.000000 106.103554 119.835746 0.000000
0.000000 0.000000 1.000000 0.000000

